"","Variables","PC1","PC2","PC3","PC4","PC5","PC6","PC7","PC8","PC9","PC10","PC11","PC12","PC13","PC14","PC15","PC16","PC17","PC18","PC19","PC20"
"MeanTemp","MeanTemp",-0.350928966000168,-0.0590708477953148,0.0153302855589661,0.186984157125125,-0.137277137476564,-0.0647234499408472,-0.00835601132785566,-0.11560674382649,-0.0935865542203309,-0.0205382961749851,0.240433864419496,0.0982827160870796,-0.102605545017246,-0.0365702648584184,0.355671625336196,-0.580928598022895,-0.497075060957826,-0.0071730887465239,-0.0453886623051223,0.00187083296201944
"Precip","Precip",-0.27826527613474,-0.185540061805566,-0.0349490112090022,-0.0665498486027749,-0.064407560864138,-0.106309217521169,-0.541614623696854,0.148151157924756,0.0866807769999641,-0.101382579949431,0.107777437858021,-0.70487163839063,0.123397990250486,-0.0860175991249998,-0.00152658099606398,0.0414837129076737,0.0304222103166701,-0.0143135045061829,0.00401912006631049,8.83614954725541e-05
"PrecipSeasonality","PrecipSeasonality",0.146451775490015,0.280471951472206,-0.205457243136894,-0.070956034123234,-0.0419040903480854,-0.419196579323123,0.41320211497027,-0.109593600870293,-0.262066976428576,-0.536683493450829,0.160279106744865,-0.299912789047569,0.0417356486535761,-0.101477741609672,-0.0649520506177064,-0.00575489400191422,-0.0377827226536484,-0.0421462097111118,0.0238911625817176,-6.82165304534031e-06
"MeanDiurnalRange","MeanDiurnalRange",-0.103120761872713,0.379436783288952,-0.151919171747927,-0.187989939261496,-0.175470320774255,-0.358478719624978,-0.160299645878767,0.059434307304311,0.185512665634916,0.154675827603933,-0.0362329122325215,0.164863523011365,0.0841020313057343,0.109200067873496,0.0469223247939349,-0.410592960223303,0.518839412669302,0.012680173229324,-0.22907319275751,-0.000915522101957408
"Isothermality","Isothermality",-0.274861604025236,0.0249594555747488,-0.151296843241228,0.129605631495524,-0.107552821612172,-0.56127125001934,0.0417458573591394,-0.0494379024559744,0.307131525755807,0.184768434216837,-0.37089279674919,0.0966622459209832,-0.112253300180109,-0.0420760991655552,-0.07670262651568,0.368885164779083,-0.342655549150274,-0.00116208928720378,0.065120974952572,-0.000200228711753615
"TempSeasonality","TempSeasonality",0.205999855853752,0.350270336368003,-0.0159802186155476,-0.311516371750846,0.00626972968078904,0.111757857041872,-0.173318441069478,0.0622636018990776,-6.55789605614916e-05,0.0896082288766115,0.102366360695488,-0.0222788610006514,0.065938236666032,0.0547682639557476,-0.0198759649645594,0.182721425905157,-0.480802705616046,0.0929791310561655,-0.625444429606346,0.000476002901279761
"TempAnnualRange","TempAnnualRange",0.138555964902921,0.394070972881205,-0.0343916621389873,-0.324900166466123,-0.0725848015473009,0.0439379114228154,-0.221788819038145,0.0780854716741499,0.0374886543710512,0.102394469658021,0.13411300277063,0.0625615886766666,0.0715267344585201,0.108794990105765,0.0302830206095368,-0.0227037210983292,-0.244119072246414,0.00651242784132163,0.737881171195518,0.000563332089871489
"NDVImax","NDVImax",0.287412304209791,-0.1789428341198,-0.115854759788327,0.155780492223253,0.0192699067294865,-0.181262926792165,-0.257081148362959,0.050704679163597,-0.325767581913694,-0.110712327205199,-0.353699344688663,0.117621563774152,0.45945093116161,0.349662049500912,0.284915221548006,-0.0147457610174172,-0.0921106478677391,-0.254951434174284,-0.0153934385796594,-0.000544484304662041
"NDVIsum","NDVIsum",-0.258540082335349,0.0431376882865474,0.226072266826204,-0.264083411365008,0.000133986077130235,0.250618604369851,0.388486744238127,0.0143526774942353,0.349367621346888,-0.176752718961915,-0.398125858870855,-0.209232722815615,0.338896928583006,0.260131943194404,-0.018225898307031,-0.19965264245679,-0.117955192442151,-0.0655566633725107,0.00193969952451602,-0.000147387690417243
"EVImax","EVImax",-0.33452481478067,0.183190989718354,0.0027749920132226,0.0325480095414076,-0.0555271745502764,0.089568025312571,0.157405409550414,0.0290654780506337,-0.12502814775917,0.0201865579007716,0.154913535916768,-0.010483462960198,0.107485524694462,0.171124267719701,0.64201735804731,0.458740200191509,0.20065712769706,0.269878670665354,0.00528605915627339,-0.00113879409440922
"NDWImin","NDWImin",-0.297855367470023,0.252675971174409,0.116191123795174,-0.0656381541620032,0.162010886922323,0.0620447674628115,0.0374475750338986,0.0743244991554738,-0.258847841612701,0.176544659501705,-0.00319344701139149,-0.0238808028176705,-0.116293120086525,-0.124839933682701,0.00953258721758062,0.11129746020242,0.0487657987585825,-0.805180331318113,-0.0396571286049767,0.000890543595739341
"SWIRaug","SWIRaug",-0.265037552882818,0.209889749695356,0.145778954730307,0.0761816640672945,0.258168621269985,-0.0433359582555666,-0.0226831977650395,0.154627603346337,-0.563017794293052,0.185092269464697,-0.310984176387752,-0.0641384250194538,0.102265827888059,-0.0924235994745229,-0.282871302001495,-0.141022484196931,-0.0328966766590038,0.437838819516872,0.0439254525406091,-0.00122009188144595
"BulkDens","BulkDens",-0.0937336929780613,0.10126896063532,-0.48526760597115,0.0632401692785755,0.135668487395264,0.23313937195257,-0.0732766826077738,-0.577455912416425,-0.0763722968025153,0.116188192741235,-0.102933989221807,-0.220146061139675,-0.23708288345319,0.425703456243459,-0.109813962422384,-0.0354440496106165,0.0269437811129892,0.000214892248587629,0.00496610999222284,-9.21983466404734e-05
"pH","pH",0.231098894557351,0.0928534914549461,-0.158407792209461,0.408390894575368,-0.102349844566351,0.0249272160468188,0.329113033261905,0.174717083896985,0.098757557145896,0.564913233893332,0.188558978501206,-0.347565639257732,0.311134547106545,-0.00835966021424927,-0.0251721362813968,-0.088643710139607,-0.0446293921370037,-0.0577107770126847,0.015245533059824,-0.000134526759954077
"CStock","CStock",0.0612311817494039,-0.00519631340476952,0.44484398105227,-0.0843303471020288,-0.433904397525841,-0.0716469573371855,-0.0576631447673331,-0.653767996713858,-0.156673224979856,0.193119681565677,-0.0066388818276026,-0.0562537303369546,0.245591506449511,-0.169965643624725,-0.0521212555093505,0.0815246879180779,0.0580676629781926,-0.00964730784377988,0.000649180077919056,-3.11586378763956e-06
"CDensity","CDensity",0.152893733416897,-0.084286846489275,0.483652389040836,-0.0368827075970925,-0.000694261994229331,-0.305051096135369,0.0809708017578154,0.131932575829953,-0.0798176675118673,0.130758550190723,0.102673605286715,-0.209148279726671,-0.426062836233153,0.597607381159394,-0.00183220467862828,-0.0246091831848787,0.00124160144442411,0.00829272278535077,-0.011095692074861,-0.000300908930168915
"Sand","Sand",-0.0591221874690337,-0.349008871642728,-0.211380338901917,-0.432937670386696,-0.0317487232795112,-0.0794723538976135,0.170657008271833,0.040832106359831,-0.16818475172274,0.21979688346549,0.0641721318075572,0.0231271354601377,0.0403754593875462,-0.00731292288954921,0.00395903393628478,-0.00978303194007696,-0.0123756719000625,0.0116002162784889,0.00196743309019307,0.721892962719318
"Silt","Silt",0.0494735434102549,0.225850732297079,0.2644036561486,0.275120314249656,0.573111423417111,-0.138116350761425,-0.140693380644395,-0.241289206871764,0.282469210712742,-0.0950351819786242,0.139062370365898,0.00859295835256089,0.166596328383792,-0.0187745644841701,0.0614565674632764,-0.00808492347296581,0.00889809613933036,0.0107197414941106,0.010562332356237,0.484673008125729
"Clay","Clay",0.0378494646089165,0.288919381963246,0.0493991281092189,0.363146837562821,-0.515602725325839,0.250616239163088,-0.110913328856414,0.177875507324431,-0.0321382731334744,-0.227570508469327,-0.232168723742921,-0.0423336562649458,-0.220836066475548,0.0308185167272976,-0.0666996138673587,0.0241511208408529,0.0129323333818613,-0.0247085237720901,-0.0135471281935415,0.493916563651804
"Permafrost","Permafrost",0.336363197269932,0.0566279529154978,0.0147402967580643,-0.146279390372373,0.136990595860648,0.00703502522289813,0.0262140516704116,-0.057807424667021,0.0385001883479166,0.138594969525491,-0.446234448482231,-0.285715492199812,-0.329958586947148,-0.374726707836836,0.512272522250517,-0.149320619771942,0.0240564794950121,0.051134002763693,0.0231931733046522,0.000331319333503491
