"","Variables","PC1","PC2","PC3","PC4","PC5","PC6","PC7","PC8","PC9","PC10","PC11","PC12","PC13","PC14","PC15","PC16","PC17","PC18","PC19","PC20"
"MeanTemp","MeanTemp",-0.35092905522451,-0.0590711444808673,0.0153305082135011,0.186984158022671,-0.137277365039869,-0.0647219948226898,-0.00835680671426007,-0.115606461564057,-0.0935866506875087,-0.0205378347886776,0.240431409294825,0.0982842570088484,-0.102610672803214,-0.0365674535770878,0.355665457566935,-0.58093083090391,-0.49707702845805,-0.00717178764652794,-0.0453882318849969,0.00187075703100752
"Precip","Precip",-0.278265192884665,-0.185540305691728,-0.0349486323274248,-0.06655001526166,-0.0644076960138419,-0.106308354564267,-0.541615268822847,0.148151732190944,0.0866825398227463,-0.101387085061166,0.107781075810388,-0.704869470928846,0.123398201499278,-0.0860195823903736,-0.00152518668699966,0.0414828232899434,0.0304220222354086,-0.0143137058948184,0.00401910739541493,8.83454963625668e-05
"PrecipSeasonality","PrecipSeasonality",0.146451404552071,0.280472009213899,-0.205457470636087,-0.0709556046035509,-0.0419053888382933,-0.41919709062722,0.413202967249622,-0.109593869028547,-0.262068866715006,-0.536681897786154,0.160278871215287,-0.299912300479382,0.0417318251266717,-0.101480686048316,-0.0649489326496535,-0.00575515044591968,-0.037782546993011,-0.0421457878593667,0.0238912901525724,-6.81146896525766e-06
"MeanDiurnalRange","MeanDiurnalRange",-0.103121067633097,0.379436675594824,-0.151919099900376,-0.187989788236474,-0.175471187446952,-0.358478386689531,-0.160299508943554,0.0594338808888387,0.185512987626685,0.154676227348563,-0.0362316702610634,0.164863165954526,0.0841024237307301,0.109200740957606,0.046920119782679,-0.410594071028692,0.518838674615649,0.0126794169945,-0.22907310061857,-0.000915524615257787
"Isothermality","Isothermality",-0.274861802367856,0.0249591764240842,-0.15129662830402,0.129605654459957,-0.107553992261351,-0.561269495749127,0.0417445151876828,-0.0494398205201829,0.30713471985423,0.184765825828219,-0.370896338221921,0.0966607206736065,-0.112247850670798,-0.0420762792453766,-0.0767002163529559,0.368885522387417,-0.342654963164672,-0.00116169303264587,0.0651208996002971,-0.000200216645902296
"TempSeasonality","TempSeasonality",0.205999765715916,0.350270525019613,-0.0159803419433844,-0.311516324144646,0.00626992967439785,0.111756563768304,-0.173317567911727,0.0622643276191481,-6.68349411719685e-05,0.0896093477919329,0.102368168168554,-0.0222793631001889,0.0659372033795593,0.0547676370411199,-0.0198753301301672,0.18272277977746,-0.480802084822583,0.092980044539472,-0.625444428640187,0.000476140594090046
"TempAnnualRange","TempAnnualRange",0.138555826425222,0.394071106005538,-0.0343917462208295,-0.324900080606186,-0.0725847622501015,0.0439369078892228,-0.221787926859004,0.0780861589494798,0.0374873205292144,0.1023959181974,0.134115138652574,0.0625613910581908,0.0715251291502654,0.108795191105919,0.0302819456888417,-0.0227023663806367,-0.244118752097996,0.00651317679774589,0.737881225499765,0.000563229958884509
"NDVImax","NDVImax",0.287412294934582,-0.17894262921214,-0.115855132080102,0.155780717635726,0.0192695318749472,-0.181263456588085,-0.257080621003978,0.0507059614728292,-0.32576771329763,-0.110711765326252,-0.353691834200042,0.11762181857078,0.459456922817738,0.349661737519853,0.284914878438597,-0.0147471502607549,-0.0921114608523278,-0.25495123347169,-0.0153933380814631,-0.000544473269256818
"NDVIsum","NDVIsum",-0.258539924507565,0.0431375172404184,0.226072715559477,-0.264083561810341,0.000134414188620475,0.250618915549514,0.388486338993313,0.0143509111505668,0.349368461747368,-0.176756288620357,-0.398114717362367,-0.209229751567331,0.338908089997023,0.260133858310832,-0.0182305527363937,-0.199651354443019,-0.117955667967667,-0.0655563558610167,0.00193974347063416,-0.000147390916891723
"EVImax","EVImax",-0.334524930134435,0.183190730202684,0.00277525913361993,0.0325478013716223,-0.0555269873573998,0.0895687974608044,0.157405134571847,0.0290655615194782,-0.125027924180973,0.0201876985419449,0.15491154808838,-0.0104843905844227,0.107479753149522,0.171121901453055,0.642023869185499,0.458734626956229,0.20065734192448,0.269877410417055,0.00528585311401913,-0.0011388518598819
"NDWImin","NDWImin",-0.2978554945001,0.252675732741472,0.116191457329227,-0.065638265402976,0.162010820272978,0.0620447347052663,0.0374471251122444,0.0743251877122194,-0.258846420962766,0.17654464357384,-0.0031990833920921,-0.0238826957875337,-0.116295016899455,-0.124840996002659,0.00953424600749408,0.111295569461462,0.0487639895836094,-0.805180574247123,-0.039657032051618,0.000890586627416522
"SWIRaug","SWIRaug",-0.265037720548279,0.209889524893885,0.145779191131114,0.0761816840592295,0.258168231581721,-0.0433361299616882,-0.022683713848586,0.154629093210959,-0.56301517739478,0.185091758186506,-0.310987895347256,-0.0641413535830655,0.102268743822267,-0.0924261694857277,-0.282869663422271,-0.141020804842315,-0.0328954269928929,0.437839376350753,0.043925528206271,-0.0012201133007411
"BulkDens","BulkDens",-0.0937338702814095,0.101268827186831,-0.485267483648339,0.0632393114543317,0.135669488627812,0.233139603450762,-0.0732781479786638,-0.577455580727704,-0.0763730020111835,0.116187032578364,-0.102937013547645,-0.220148426825453,-0.237078484949244,0.425703839769207,-0.10981559094863,-0.035442571008057,0.026944037246431,0.00021494332541086,0.00496608417663943,-9.218377846978e-05
"pH","pH",0.23109863166994,0.0928536493482707,-0.158408330054129,0.408391055997767,-0.102349835628048,0.0249278303215681,0.329112873838543,0.174716571768969,0.0987586513978477,0.564913999719237,0.188558293894781,-0.347569621655788,0.31112893963497,-0.00836537481434968,-0.0251677167154912,-0.0886444808379602,-0.0446293716992165,-0.0577101561386235,0.015245749640838,-0.00013452111008547
"CStock","CStock",0.061231332381174,-0.00519619616011276,0.444843873462946,-0.0843296198850995,-0.433904915220604,-0.0716455516751518,-0.0576646343577935,-0.653767285951092,-0.156674908520374,0.193120204240873,-0.00663667247054278,-0.0562543426514389,0.245590422141898,-0.1699678614351,-0.0521186730137275,0.0815244546241397,0.0580678865011024,-0.00964740503504133,0.000649162506703699,-3.10785608613717e-06
"CDensity","CDensity",0.152893874204261,-0.0842866847283501,0.483652240647755,-0.0368818359265424,-0.000695473115019907,-0.305051487711992,0.0809711672930429,0.131932582729072,-0.0798170029327065,0.130759203375378,0.102664994640868,-0.209152797171985,-0.426063262459451,0.59760686176192,-0.00183268572830448,-0.0246082974274644,0.00124190463709154,0.00829292515266826,-0.0110956695369955,-0.00030088856327841
"Sand","Sand",-0.0591221185252074,-0.349009008222979,-0.211379943275275,-0.432937552348633,-0.0317494046801626,-0.0794727147890769,0.170657157859112,0.0408324605382474,-0.168184673692283,0.219798537525801,0.0641690869123129,0.0231246650176617,0.0403722986357581,-0.0073149854351889,0.00396113968088923,-0.00978349977616664,-0.0123755502828158,0.0116004621855821,0.00196762182710223,0.721892963848037
"Silt","Silt",0.0494735092304334,0.22585081741492,0.264403479426038,0.27512029499595,0.573111313014709,-0.138118251994065,-0.140692783002294,-0.241289580419154,0.282466542568424,-0.0950344108528535,0.139068421367507,0.00859492022450292,0.166595305419152,-0.0187742303151854,0.061456141128645,-0.00808493949720301,0.00889810280403001,0.0107197279176799,0.0105623933067975,0.484673007989723
"Clay","Clay",0.0378494007983216,0.28891949907699,0.0493987234420888,0.363146677632194,-0.515601614173893,0.250618631856249,-0.110914128838677,0.177875346540874,-0.0321357549424195,-0.227573650241898,-0.232170320981505,-0.04233207039563,-0.220830522195537,0.0308210228985026,-0.0667019054056397,0.0241516491439015,0.0129322096070778,-0.0247087561815377,-0.0135471333658745,0.493916562304459
"Permafrost","Permafrost",0.336363025020185,0.0566272766453499,0.0147421458818591,-0.146280803713123,0.136990686233052,0.00704023149920334,0.0262087037113771,-0.0578090673668428,0.0385095289219347,0.138584845105755,-0.446244355702797,-0.285713050795884,-0.329953524430675,-0.374723630390319,0.512270459428137,-0.149328533182734,0.0240537270488218,0.0511328539327372,0.0231932658232036,0.000331125373385824
