"","Variables","PC1","PC2","PC3","PC4","PC5","PC6","PC7","PC8","PC9","PC10","PC11","PC12","PC13","PC14","PC15","PC16","PC17","PC18","PC19","PC20"
"MeanTemp","MeanTemp",-0.350936308829695,-0.0590672002772692,0.0153508677650111,0.187005246334257,-0.137252262320264,-0.064751312002384,-0.00838086489546604,-0.115590556678809,-0.0933527035163804,-0.0209686529727941,0.240938489481895,0.0979298518493808,-0.101725501363253,-0.0364331440438831,0.355599738558722,-0.581470129785897,-0.496520081978637,-0.00773164413606372,-0.0453896764082141,0.00186452949236839
"Precip","Precip",-0.278276586694686,-0.185551348410761,-0.034943791068225,-0.0665391312880213,-0.0644359410381259,-0.106354905415195,-0.541562207585943,0.148162759126636,0.08669669185297,-0.101357606336876,0.105776849333481,-0.705262508408325,0.122988966719489,-0.0860673108598188,-0.00150204762370487,0.041529642232935,0.0304164067052558,-0.0142588380954355,0.00402312570765349,9.03632006265577e-05
"PrecipSeasonality","PrecipSeasonality",0.146445871268164,0.280485331604701,-0.205448596783628,-0.0709968297235843,-0.0418146409947109,-0.419183097484924,0.413309108521429,-0.109542826298859,-0.261134709076114,-0.537171580041973,0.159424250287754,-0.300210638958852,0.0417968753652409,-0.101458793601477,-0.0649195247073065,-0.00572028256059925,-0.0377252191863065,-0.0421362088592808,0.0238951906754935,-8.53451698879899e-06
"MeanDiurnalRange","MeanDiurnalRange",-0.103140656983333,0.379442704902505,-0.151888659134579,-0.187961415169062,-0.17544317013697,-0.358486901301774,-0.160305616375932,0.0592846137244268,0.185324059405492,0.154959286260489,-0.0362249060767118,0.164792413919059,0.0842414100045356,0.109198895901635,0.0468510826797305,-0.410099777632561,0.519247281976686,0.0126513391930837,-0.22907901862065,-0.00091121132050425
"Isothermality","Isothermality",-0.274882606552888,0.0249552937778583,-0.151279983565956,0.129587500739338,-0.107422939487391,-0.561283491084166,0.0417143010167283,-0.0496805270328197,0.306587637081917,0.185516886040823,-0.370437265725129,0.0974926707061549,-0.113197747654149,-0.0421516778935982,-0.0766880254114915,0.368568948977818,-0.343007036433751,-0.00116130354803545,0.0651170712067971,-0.000200599793574704
"TempSeasonality","TempSeasonality",0.205998341379699,0.3502849560366,-0.0159792545008699,-0.311493329562275,0.00617234363408264,0.111764007169828,-0.173361571367526,0.0622803461060361,-5.57263520212757e-05,0.0894914586575216,0.10222120215668,-0.0225664407267947,0.0661953442668373,0.054752200070903,-0.0199310062728101,0.182181581646424,-0.481024971997558,0.0928420732187863,-0.625444068702488,0.00048393332159139
"TempAnnualRange","TempAnnualRange",0.138544734483619,0.394085398988777,-0.0343818100244087,-0.324865528014484,-0.0726682966618321,0.0439262583249081,-0.221826778661161,0.078075993231896,0.0374735128542282,0.102313129702953,0.13401772525104,0.0621839792356725,0.0720479456029338,0.108831020013257,0.0302896914664208,-0.0229518100013273,-0.244089263268846,0.00638291136397779,0.73788166842239,0.000550580269623241
"NDVImax","NDVImax",0.28738036544737,-0.178928240588915,-0.115899655976853,0.155674963052851,0.0194759745584835,-0.181381886438528,-0.256788499019522,0.0512126806064253,-0.326345055524617,-0.110561257280457,-0.354892344368683,0.117763169638194,0.458672667591568,0.349373514422652,0.284501929205228,-0.0149079080542397,-0.0920746160040628,-0.254998325118662,-0.0154319584053144,-0.000544540549206636
"NDVIsum","NDVIsum",-0.258522684542663,0.0431741593405842,0.226115605887192,-0.264017911647974,8.94466616626882e-05,0.250681757112946,0.388501726160083,0.0140408986832945,0.349208449397532,-0.175728618279814,-0.400002361033755,-0.208912363496294,0.337750227880019,0.259846812011433,-0.0185018165032288,-0.199708078043935,-0.117735461105629,-0.0658502231035494,0.0019280675254724,-0.000149795054490719
"EVImax","EVImax",-0.334522001837649,0.183218650702283,0.00280774928329376,0.0325432622148479,-0.0554331997336563,0.0895283539723131,0.157471367092756,0.0292498924807105,-0.125233451227596,0.0201235344309538,0.154288969647089,-0.0110020206489306,0.108114865502582,0.17127627673049,0.642097296463331,0.458572063312472,0.199979225328251,0.270335631983181,0.00524890126721013,-0.0011370988231719
"NDWImin","NDWImin",-0.297840451079075,0.252681211105531,0.116188329756155,-0.0656612277786688,0.162030274299673,0.0620594619248738,0.037510250273117,0.0746331774707818,-0.259055065087007,0.176175256584365,-0.002359119243223,-0.0236937765968127,-0.116613011759233,-0.124913208071756,0.00952387410000562,0.111766992190994,0.0490232972385302,-0.805030904540515,-0.0396523805843022,0.000894713051830033
"SWIRaug","SWIRaug",-0.265004367008714,0.20989976780786,0.145766081721017,0.0760974464778043,0.258302057658589,-0.0433739382619484,-0.0223937560019261,0.155255096638425,-0.56320752126559,0.184586441206278,-0.31045455563755,-0.0634679722833171,0.100883634483478,-0.0928103568740535,-0.283379648601451,-0.141472982722035,-0.0330509222979446,0.437781746885295,0.0439047309904065,-0.0012232473292889
"BulkDens","BulkDens",-0.0937524316576912,0.101289023567489,-0.485265156072341,0.0632498847286292,0.135592179118389,0.233203837215693,-0.0733485744972019,-0.577310701689564,-0.0772097176984232,0.116249867398759,-0.102781144958531,-0.219746490642937,-0.237539086860092,0.425672967225466,-0.109879608905162,-0.0354439081561142,0.0269547770250083,0.000201039623523999,0.00497095574904031,-9.19273220012174e-05
"pH","pH",0.231119369768036,0.0928201195857473,-0.158446813857777,0.408393800507934,-0.102238223853956,0.0248438661530483,0.329099733556317,0.174653904089837,0.0982835774972237,0.56494578783654,0.187598473187499,-0.348233250588453,0.311094697762411,-0.00853799658192381,-0.0253106486858216,-0.0886813136436552,-0.0445364470117536,-0.0577953435035373,0.0152402065180852,-0.000134450050081592
"CStock","CStock",0.0612523777126389,-0.00519611074578434,0.444845252361838,-0.0842478603818395,-0.433902295173478,-0.0717280101504433,-0.0576808282057112,-0.653522651651629,-0.157775858764043,0.193104210397017,-0.00724886400736656,-0.0565064905454951,0.245390524876564,-0.170069389295497,-0.0521367671773179,0.081596109206422,0.0580049108845329,-0.00958402481597027,0.000646485650676841,-4.21209232522536e-06
"CDensity","CDensity",0.152919255108285,-0.0842984081808555,0.483644864124297,-0.0369033743920806,-0.000597973540949233,-0.30503894495256,0.0809940240228628,0.131977193548679,-0.0796651816400389,0.130493306494209,0.10349990769685,-0.208923110764598,-0.425904097180296,0.59772121532691,-0.00186646287694119,-0.0246965111605683,0.00120637606136596,0.00830798636928032,-0.0110940026533465,-0.000300542001370394
"Sand","Sand",-0.0591501368879607,-0.34897678634551,-0.211368381495901,-0.432998582481371,-0.0317413115841965,-0.079455688541211,0.170720655508824,0.0409572069693927,-0.168265339377956,0.219507155248009,0.0645503708322389,0.0230114014575977,0.0404216534058261,-0.00736100711879865,0.00386314394097279,-0.0098736386265005,-0.0124083885818525,0.011626013199865,0.00197084580055569,0.721887755957683
"Silt","Silt",0.049491441270901,0.225843286620005,0.264395218016507,0.275086682824161,0.573104483779121,-0.137972389962009,-0.140897741598523,-0.241618040292809,0.282410699000258,-0.0947433107353387,0.138179501006241,0.00805816258736031,0.167144824284784,-0.0187107646373108,0.0615585727362908,-0.00799867398061909,0.00894788408524872,0.0106653702695302,0.0105719936870337,0.484679484055628
"Clay","Clay",0.0378713101368757,0.288873606665431,0.0493862870343079,0.363259129802327,-0.515614574056766,0.250450941626492,-0.110797931508259,0.178016815900459,-0.0319732947085577,-0.22742973692276,-0.231861199534968,-0.0416357435818474,-0.221447472273504,0.0308244014236569,-0.066659291278592,0.0241881438631896,0.0129157320402762,-0.0246831600793878,-0.0135305613488688,0.493917845861192
"Permafrost","Permafrost",0.336369097477853,0.0566307523622666,0.0147243425408337,-0.146315489300701,0.137013002288755,0.00705690484212322,0.0262503165270367,-0.0577195253690619,0.0379076554189356,0.139030196534754,-0.445772204333418,-0.284434061646976,-0.331585584388591,-0.374798752950917,0.512142732618374,-0.14952543587659,0.0240761041120051,0.0510968902223828,0.0231731579006697,0.000329872576798797
